ETAE_3553	17784.2	-12	4.38	43.68	107.89	0.118

ETAE_3554	29458.9	3	8.58	54.80	93.90	-0.249

ETAE_3555	19938.9	-1	6.58	33.93	90.34	-0.115

ETAE_3556	6543.7	6	10.59	47.77	99.15	-0.212

ETAE_3557	17458.2	10	10.12	38.94	88.13	-0.066

ETAE_3558	10386.2	12	10.42	32.99	77.28	-0.563

ETAE_3559	9370.9	8	10.30	51.52	87.02	-0.306

ETAE_3560	7060.0	-5	4.45	28.21	91.54	-0.012

ETAE_3561	13858.9	15	11.33	31.02	71.94	-0.446

ETAE_3562	12433.3	-9	4.52	31.46	105.66	0.316

ETAE_3563	3559.2	2	9.49	60.33	118.79	0.342

ETAE_3564	6175.3	0	6.08	46.99	92.04	0.517

ETAE_3565	4378.0	2	9.52	41.63	97.69	0.226

ETAE_3568	4317.9	-2	5.00	65.21	70.00	-0.433

ETAE_3569	4317.9	-2	5.00	65.21	70.00	-0.433

ETAE_3572	5540.6	5	9.90	31.79	112.13	0.247

ETAE_3574	6420.4	2	10.67	34.53	108.85	0.207

ETAE_3576	4317.9	-2	5.00	65.21	70.00	-0.433

ETAE_3577	9174.9	1	8.12	39.92	120.49	0.254

ETAE_3578	4431.3	3	9.99	29.10	128.16	0.297

ETAE_3579	4906.5	10	12.01	66.17	43.02	-1.205

ETAE_3585	6178.0	3	8.94	69.77	63.82	-0.095

ETAE_3593	5254.0	6	10.09	22.54	85.32	-0.351

ETAE_3596	6208.2	7	11.00	28.02	95.74	-0.211

ETAE_3597	5083.9	3	9.68	42.26	82.44	-0.047

ETAE_3598	4527.0	1	8.60	15.76	76.10	-0.246

ETAE_3601	4294.0	5	10.81	49.04	74.47	-0.142

ETAE_3602	10184.0	2	8.52	62.10	83.98	0.069

ETAE_3607	3561.1	2	8.86	99.98	78.00	-0.333

ETAE_3609	5159.9	0	6.73	28.96	95.62	0.415

ETAE_3610	3861.7	5	9.63	7.69	63.24	-0.329

ETAE_3611	7719.7	10	11.50	92.46	53.24	-0.912

ETAE_3612	4701.5	3	9.62	39.68	80.73	0.127

ETAE_3617	5864.6	0	5.96	37.77	81.64	0.344

ETAE_3618	16868.4	-3	6.21	46.64	99.53	-0.113

ETAE_3620	14256.5	-1	6.32	36.44	97.50	-0.090

ETAE_3623	5052.6	0	6.70	16.42	54.65	-0.672

ETAE_3624	4774.3	4	9.99	29.13	55.71	-1.138

ETAE_3626	4977.7	-2	5.21	32.06	97.38	0.536

ETAE_3630	4317.9	-2	5.00	65.21	70.00	-0.433

ETAE_3633	4948.8	5	9.59	78.79	85.22	0.354

ETAE_3634	4798.7	8	11.89	62.09	78.29	-0.502

ETAE_3635	4317.9	-2	5.00	65.21	70.00	-0.433

ETAE_3636	4317.9	-2	5.00	65.21	70.00	-0.433

ETAE_3638	4569.3	3	9.78	57.06	87.11	-0.579

ETAE_3643	4317.9	-2	5.00	65.21	70.00	-0.433

ETAE_3645	3997.6	-1	5.44	56.26	112.82	0.618

ETAE_3646	4317.9	-2	5.00	65.21	70.00	-0.433

ETAE_3649	5320.2	15	13.00	63.77	57.39	-1.037

